30
30
29
29
30
32
37
64
74
46
28
30
30
32
36
36
31
30
30
34
35
32
32
40
43
38
30
28
27
26
26
24
22
22
23
23
23
24
27
29
30
39
35
31
33
29
29
30
29
26
23
23
22
22
21
21
24
28
29
28
28
23
21
21
39
39
39
37
36
36
41
59
66
47
28
30
29
31
32
33
28
29
30
34
34
32
31
38
40
36
28
26
26
25
26
23
22
21
23
23
23
23
26
27
28
30
32
30
32
28
29
30
28
26
24
23
23
22
21
21
25
28
29
28
28
23
21
20
49
49
48
47
47
47
48
68
72
49
35
32
30
32
32
32
27
28
31
34
32
31
30
38
38
34
26
24
25
25
26
24
21
21
23
23
22
23
25
26
28
28
28
29
32
28
28
29
29
26
24
23
21
21
21
22
25
28
28
28
28
23
21
19
54
54
53
54
54
54
56
71
71
54
43
39
37
36
34
32
30
30
34
35
31
30
29
37
37
31
25
24
24
26
26
24
23
22
23
22
22
23
25
26
26
28
30
29
33
28
28
28
28
26
24
23
21
21
21
21
24
26
27
27
27
23
21
20
51
54
54
55
56
56
59
67
61
55
50
49
46
43
41
39
37
36
36
36
32
30
32
36
36
30
25
24
24
27
27
26
24
23
23
22
22
23
25
26
27
30
32
32
34
30
28
28
28
26
23
22
22
21
21
21
23
24
26
26
25
23
21
20
45
47
49
51
54
55
56
62
56
52
52
52
52
51
51
49
46
45
42
40
38
36
35
36
36
30
28
28
28
29
31
30
27
26
24
23
23
23
25
26
27
30
34
32
36
29
27
26
25
25
24
23
21
21
22
21
22
23
24
24
24
22
21
20
46
44
45
46
47
49
50
50
45
47
50
52
54
54
54
54
52
51
48
43
44
45
43
42
39
37
36
37
38
40
41
40
35
30
26
24
23
23
26
27
28
30
33
32
35
27
24
23
23
24
24
22
21
21
21
21
21
21
22
23
23
22
21
20
52
48
45
45
46
47
46
44
43
45
50
53
56
59
59
57
56
56
52
47
49
52
52
51
51
51
53
57
62
68
68
64
56
44
31
26
24
24
28
30
30
30
32
32
33
26
22
21
22
23
23
21
21
21
21
20
19
19
21
22
23
21
21
20
56
53
50
49
49
49
49
47
49
51
55
62
66
68
66
61
58
58
54
48
54
55
59
58
60
65
71
84
102
121
133
126
104
72
43
32
27
25
33
35
32
30
29
29
30
25
22
21
22
23
23
21
21
21
21
19
19
19
20
21
22
21
20
20
61
57
52
52
51
51
49
49
51
53
60
69
75
78
71
63
56
55
54
49
52
55
56
59
62
70
83
110
141
162
165
166
162
131
69
41
31
28
34
35
32
30
28
29
30
24
22
21
22
23
23
21
21
21
19
18
18
19
19
20
21
21
21
20
65
61
51
52
54
54
51
49
51
54
63
80
105
117
101
77
63
60
56
53
54
57
60
63
69
78
106
136
167
180
182
182
182
180
125
69
40
34
35
35
32
31
28
30
30
25
23
21
22
23
23
21
21
19
19
18
18
19
19
19
21
21
21
20
55
54
50
52
59
61
62
55
52
55
66
102
148
170
157
115
90
84
78
71
72
77
79
82
88
102
137
166
178
181
182
182
182
182
162
109
56
43
38
34
32
32
32
34
34
29
25
22
23
24
22
21
21
19
19
18
19
19
19
19
20
21
20
20
49
50
49
49
52
59
68
66
59
59
69
115
166
180
177
155
138
131
124
108
102
104
110
115
119
136
166
174
182
182
182
182
182
182
179
141
79
56
44
36
34
35
38
41
42
36
30
24
24
24
23
21
21
20
19
19
19
19
19
19
21
21
21
21
45
44
44
45
46
48
53
64
66
67
74
108
155
178
175
171
172
178
177
166
159
160
166
168
171
178
180
182
182
182
182
182
182
182
182
171
131
84
64
51
48
51
59
66
70
64
49
31
26
24
23
21
20
20
20
19
18
19
20
19
20
21
21
21
40
40
40
40
41
43
43
47
54
63
73
93
143
174
168
169
180
182
182
179
175
175
176
178
180
181
182
182
182
182
182
182
182
182
182
181
172
143
118
91
82
89
105
118
125
121
79
41
29
26
23
22
21
21
21
20
19
19
20
20
21
22
22
21
37
37
36
36
37
37
37
39
43
47
59
77
118
159
173
179
182
182
182
182
182
182
182
182
182
182
182
182
182
182
182
182
182
182
182
182
181
181
174
151
135
140
160
169
176
171
128
61
37
30
27
25
24
23
23
22
21
21
21
21
22
23
23
21
35
34
34
35
35
36
36
36
39
40
50
62
92
154
177
182
182
182
182
182
182
182
182
182
182
182
182
182
182
182
182
182
182
182
182
182
182
182
180
172
161
169
179
180
182
182
167
105
53
37
32
31
29
28
27
26
25
24
23
23
23
23
22
21
35
36
35
34
36
37
37
38
40
45
52
63
93
161
178
173
157
153
154
153
149
147
148
150
152
155
156
160
168
175
179
181
181
182
179
176
174
174
167
160
152
160
178
180
181
182
179
149
73
42
34
33
32
31
31
30
28
26
25
24
24
23
23
21
36
36
36
37
38
39
40
42
46
49
54
68
104
168
168
143
127
123
123
118
111
106
105
108
115
122
125
131
144
162
168
178
180
182
168
149
136
127
122
115
116
125
154
166
174
180
180
168
102
54
39
36
36
34
33
32
30
28
28
26
25
23
23
23
36
36
37
40
40
43
45
48
52
51
58
79
128
173
141
115
115
115
117
111
102
96
91
94
102
111
118
122
132
157
169
180
181
182
173
151
132
121
111
104
103
106
118
129
142
156
159
162
137
77
43
38
37
36
35
34
32
31
30
29
28
26
25
24
36
36
38
41
48
59
57
54
54
52
60
95
142
167
128
102
108
111
112
110
102
96
92
91
93
103
115
117
122
145
169
182
182
182
177
150
128
119
108
100
100
101
105
111
120
128
131
138
162
107
47
41
38
38
37
36
35
34
32
32
31
30
29
28
40
39
40
43
58
82
91
84
77
62
66
113
159
142
116
99
104
111
114
111
108
101
96
94
92
99
111
115
116
138
164
182
182
182
178
152
127
116
107
103
104
106
107
109
115
117
120
127
160
134
58
47
41
39
40
40
38
37
36
36
36
35
34
34
47
43
43
46
58
90
103
114
108
77
76
143
155
119
108
99
107
123
132
124
116
106
102
98
93
102
111
115
118
142
165
182
182
182
179
153
128
116
113
111
111
114
115
115
116
120
126
132
154
159
79
52
45
42
40
41
40
38
37
38
38
36
36
36
62
50
47
49
55
76
110
145
134
107
87
158
155
105
98
102
122
134
151
146
128
108
106
102
96
106
116
118
121
151
166
182
182
182
180
158
129
119
118
119
118
118
122
124
124
130
138
144
143
162
105
61
47
44
43
43
42
41
40
41
40
39
38
39
95
74
59
54
54
66
99
138
131
100
106
155
147
106
99
104
128
145
162
168
148
110
105
104
99
101
109
116
122
152
167
182
182
182
180
161
128
118
119
124
120
118
124
138
150
158
162
173
165
167
145
77
50
47
45
44
45
45
43
43
43
43
43
42
93
100
85
69
61
69
98
128
118
111
128
147
141
113
105
102
108
117
134
155
151
114
112
110
96
96
99
104
117
146
162
179
180
181
178
152
124
115
119
134
122
117
121
137
154
164
167
181
174
170
171
88
53
48
46
45
45
45
44
43
44
43
43
43
67
86
96
99
83
74
86
91
93
108
131
152
140
130
122
119
117
117
121
123
128
115
115
111
102
100
102
108
120
144
155
166
170
173
163
143
115
110
117
145
131
119
118
129
146
170
174
182
182
182
174
104
59
52
48
45
45
45
45
44
45
45
43
44
56
61
75
95
111
96
78
72
84
108
140
163
166
164
161
159
156
154
152
150
146
138
131
128
123
122
121
125
131
143
148
152
151
148
145
134
119
113
115
141
131
122
122
130
151
175
178
182
182
182
179
131
73
61
56
49
45
44
44
44
45
45
43
45
54
55
61
71
94
110
108
92
93
128
166
172
180
180
179
178
176
175
174
172
170
166
165
162
161
160
159
159
161
165
166
166
164
163
161
154
144
130
115
111
107
115
124
133
154
179
182
182
182
182
177
146
87
73
61
53
42
40
41
43
45
45
44
45
56
56
57
59
65
87
114
125
141
162
182
182
182
182
182
182
182
182
182
182
182
182
182
182
182
182
182
182
182
182
182
182
182
182
182
182
182
182
172
141
128
145
170
174
178
181
182
182
182
182
179
149
86
62
56
45
38
36
38
40
43
45
44
45
58
56
56
58
61
69
90
121
158
170
182
182
182
182
182
182
182
182
182
182
182
182
182
182
182
182
182
182
182
182
182
182
182
182
182
182
182
182
181
174
163
161
178
179
180
181
182
182
182
182
181
156
92
47
39
37
36
36
37
38
40
42
43
43
63
60
59
59
61
65
77
107
158
181
182
182
182
182
182
182
182
182
182
182
182
182
182
182
182
182
182
182
182
182
182
182
182
182
182
182
182
182
182
180
174
174
182
182
182
182
182
182
182
182
182
166
111
51
40
36
36
36
37
37
37
38
39
40
69
67
66
66
68
72
80
105
149
179
182
182
182
182
182
182
182
182
182
182
182
182
182
182
182
182
182
182
182
182
182
182
182
182
182
182
182
182
182
182
180
179
182
182
182
182
182
182
182
182
182
170
120
59
48
43
40
38
38
36
37
36
36
36
79
79
77
78
79
81
93
112
140
166
180
182
182
182
182
182
182
182
182
182
182
182
182
182
182
182
182
182
182
182
182
182
182
182
182
182
182
182
182
182
178
179
182
182
182
182
182
182
182
182
182
175
141
74
52
46
44
41
40
39
38
37
35
36
87
87
88
88
91
91
108
131
144
150
169
182
182
182
182
182
182
182
182
181
181
181
182
182
182
182
178
178
179
181
182
182
182
182
182
182
182
182
182
181
178
177
182
182
182
182
182
182
182
182
182
181
159
91
64
49
47
46
44
43
41
38
38
37
87
86
86
87
88
91
110
158
158
148
163
182
182
182
182
182
182
182
182
179
166
173
176
182
182
182
149
139
139
148
155
159
157
154
159
162
167
171
176
178
174
175
182
182
182
182
182
182
182
182
182
176
148
98
80
62
55
50
48
47
46
44
43
42
87
87
87
88
88
87
102
165
158
137
164
178
180
182
182
182
182
179
176
170
151
164
173
182
182
182
118
102
99
106
126
153
126
115
120
127
138
147
177
179
164
169
182
182
182
182
182
182
182
182
150
122
119
101
88
78
77
69
59
52
49
49
49
48
89
91
89
88
88
82
88
152
145
126
149
174
180
176
170
177
181
173
159
153
135
147
170
182
182
178
105
86
79
82
88
106
99
89
87
91
98
113
161
181
161
159
181
182
182
182
182
182
182
182
133
96
90
98
91
76
78
84
71
74
64
57
55
55
91
92
91
90
85
67
72
113
113
102
123
149
174
166
151
152
162
154
141
143
128
125
155
178
174
147
95
80
74
74
76
82
81
79
79
81
87
100
152
179
156
145
168
174
178
181
182
182
182
182
124
98
94
138
105
66
63
64
66
72
75
77
74
70
94
95
92
90
79
58
58
76
86
82
99
112
131
123
108
100
109
110
103
109
108
96
114
142
134
118
83
76
74
74
72
74
74
75
74
76
81
88
114
144
130
129
150
156
166
179
178
178
182
182
119
99
102
154
116
66
59
56
57
59
62
69
75
79
96
94
94
90
73
52
47
54
59
62
62
64
68
67
64
63
65
66
65
66
64
62
66
74
74
72
69
69
70
71
73
73
72
71
72
75
80
82
85
93
96
102
119
125
132
148
148
162
178
182
99
86
102
124
112
69
63
60
59
59
59
58
59
64
97
96
96
88
69
49
45
46
46
45
44
44
45
45
45
45
46
47
47
49
50
49
51
54
55
55
56
57
57
58
57
57
56
56
56
57
59
61
64
67
70
78
93
92
92
107
115
119
141
124
81
76
80
97
93
71
69
66
65
63
61
61
59
61
101
101
96
88
66
47
42
45
41
37
35
35
35
34
34
34
35
36
37
38
38
39
40
42
44
46
49
54
58
59
59
56
53
51
47
47
48
51
52
54
58
66
69
69
69
71
74
77
81
80
61
59
58
63
73
75
74
71
70
70
69
67
66
65
105
102
98
89
64
45
40
49
41
34
32
32
32
30
31
31
32
32
33
32
32
32
33
34
36
40
48
56
74
85
81
78
69
56
45
40
39
40
40
42
45
47
48
49
48
49
50
51
52
53
48
47
48
54
70
77
77
77
76
76
75
74
73
71
107
107
105
93
67
44
42
49
42
33
28
28
28
28
28
30
30
32
32
29
30
30
31
32
34
38
51
64
93
106
105
100
95
74
47
36
32
32
32
34
36
36
36
36
36
36
36
36
36
36
36
38
41
50
69
79
79
79
79
79
79
79
78
77
111
110
108
110
90
51
45
49
43
32
27
26
25
25
26
26
28
32
34
30
28
26
26
26
30
36
62
77
110
119
108
102
105
99
67
37
28
28
29
30
31
32
33
32
31
30
30
30
29
30
31
34
38
54
71
79
80
81
81
81
82
82
82
82
111
109
108
111
95
61
54
47
42
34
30
30
29
29
29
28
29
32
34
30
28
28
27
27
29
35
64
83
116
130
111
107
113
106
98
38
26
26
27
26
28
29
31
31
29
28
28
27
28
28
28
33
43
62
75
82
82
82
83
82
82
83
82
83
114
111
105
99
95
74
65
44
37
34
30
30
30
31
32
32
32
32
34
32
32
31
30
30
30
33
48
64
85
98
89
84
93
94
85
43
25
26
26
26
27
28
30
30
27
25
25
26
26
26
28
33
47
69
79
85
85
85
85
83
82
80
82
82
121
120
114
108
103
88
74
40
30
26
24
24
25
27
28
30
30
31
32
33
34
34
34
32
32
31
33
36
40
43
42
41
46
47
43
34
29
30
29
28
28
28
30
32
31
30
29
28
28
28
28
35
49
76
87
91
91
90
86
85
85
84
84
83
120
118
115
110
104
97
76
39
26
24
23
22
23
26
29
30
31
31
30
30
29
28
28
27
27
27
26
28
28
30
30
28
28
30
29
28
26
28
28
28
28
27
28
28
29
28
28
28
28
28
30
35
48
79
91
96
94
93
93
92
90
88
87
86
112
111
107
104
99
88
73
36
24
21
22
22
23
28
36
40
40
38
35
32
30
29
28
26
26
24
24
23
23
23
23
22
21
21
21
23
23
23
22
23
23
24
26
26
24
23
23
23
23
24
28
33
46
83
96
101
100
99
97
96
93
92
91
89
109
106
102
97
93
82
66
36
25
23
23
23
25
29
34
37
36
35
34
34
34
33
32
29
28
26
24
24
22
22
22
22
23
23
23
24
24
21
22
22
23
26
28
31
26
21
19
20
21
22
24
30
45
84
96
101
101
100
99
98
96
95
95
93
110
107
102
98
92
83
66
38
29
26
26
27
30
35
36
36
36
35
34
33
34
32
32
30
28
27
24
23
22
21
22
21
21
22
23
23
23
22
22
22
24
26
28
30
28
21
19
19
19
21
23
29
44
79
91
96
96
96
96
96
96
96
95
93
118
115
110
105
99
88
74
50
39
36
36
37
41
46
48
49
49
49
49
47
47
43
39
35
33
31
28
26
25
24
24
23
23
23
23
23
23
22
22
23
24
24
25
25
24
23
23
21
20
21
24
29
43
73
82
89
91
92
93
95
94
94
93
93
132
129
125
121
116
109
96
81
72
68
64
64
64
71
79
86
91
95
99
99
98
90
78
65
58
53
48
44
40
36
34
32
32
30
29
29
29
28
27
27
27
28
28
28
28
28
28
26
24
25
27
31
43
70
80
87
90
92
93
93
94
95
94
94
141
141
140
138
135
130
125
118
112
110
107
105
105
108
112
121
128
136
145
150
157
152
139
117
99
91
82
77
72
66
61
57
55
54
51
49
48
46
45
44
43
42
41
39
38
38
38
36
33
33
35
38
50
72
79
86
89
93
93
94
94
96
96
96
148
148
148
147
145
143
141
139
138
138
137
137
135
138
139
141
141
144
148
153
159
163
162
147
129
121
116
114
111
108
104
102
99
97
95
93
90
88
85
84
82
79
74
71
70
66
65
63
61
61
62
65
72
82
88
91
93
96
96
97
99
99
100
100
148
148
149
148
148
148
145
144
145
145
143
143
142
145
146
148
146
148
151
152
152
155
154
149
142
137
133
131
130
128
128
127
124
123
121
118
116
114
114
114
112
110
107
105
104
101
100
99
97
96
95
95
96
102
103
105
106
107
107
108
109
108
108
108
152
152
150
149
150
151
149
148
148
148
148
148
149
149
150
151
148
150
151
151
150
149
148
147
145
145
144
144
142
137
140
141
141
140
137
137
134
133
131
132
131
128
129
128
126
125
124
123
123
121
121
121
121
120
119
119
118
118
118
120
121
121
120
119
154
153
152
152
153
155
152
150
149
149
149
150
151
151
152
152
151
150
150
150
151
150
147
148
149
148
146
145
145
142
144
145
146
143
140
141
140
139
138
138
137
135
135
136
134
134
133
132
132
131
130
129
130
130
129
128
128
128
125
127
129
127
127
126
156
156
155
156
155
155
155
154
152
153
152
152
152
152
152
152
153
151
149
149
151
152
149
149
151
149
147
146
145
145
145
146
147
147
145
145
145
142
142
141
141
141
141
138
138
137
137
138
138
136
134
135
136
137
135
134
132
132
131
132
134
130
130
132
158
159
157
157
157
156
157
158
155
156
156
155
155
154
152
153
153
153
152
152
152
153
152
151
150
150
149
148
149
149
149
148
147
148
148
148
147
144
143
142
141
144
142
140
141
138
139
141
141
139
138
138
139
138
136
137
135
135
134
134
136
133
133
133
163
163
161
161
160
159
159
159
159
159
159
155
154
155
155
155
153
154
154
152
152
154
153
152
150
150
151
149
149
149
149
151
149
149
150
148
147
145
144
144
143
143
143
141
142
140
140
141
142
141
138
138
139
138
138
137
137
137
136
136
136
134
134
133
174
173
168
165
163
164
163
162
162
162
162
160
158
158
158
158
157
158
158
156
154
155
155
153
152
152
153
152
151
151
150
150
150
150
150
149
148
147
145
145
146
145
144
142
143
141
142
143
142
143
141
141
141
141
139
138
138
138
138
137
135
134
134
134
